Ratio=2.316272
Compute_time=77.381408492 MPI_Call_time=14.626257947 Recorder_time=0.027050030
All_time=92.037528850