Ratio=2.317496
Compute_time=77.787427808 MPI_Call_time=14.217584322 Recorder_time=0.029773638
All_time=92.037608052