Ratio=2.360009
Compute_time=90.683778244 MPI_Call_time=3.368930400 Recorder_time=0.025713786
All_time=94.083186109