Ratio=2.310096
Compute_time=78.443392598 MPI_Call_time=15.605218983 Recorder_time=0.029796319
All_time=94.083185635