Ratio=3.113474
Compute_time=0.054039994 MPI_Call_time=0.821729031 Recorder_time=0.000857694
All_time=0.904559308