Ratio=2.988884
Compute_time=0.031287574 MPI_Call_time=0.845385843 Recorder_time=0.000905640
All_time=0.905869057