Ratio=3.103335
Compute_time=0.030330173 MPI_Call_time=0.854094589 Recorder_time=0.001071417
All_time=0.905950566