Ratio=2.978752
Compute_time=0.054825333 MPI_Call_time=0.821392097 Recorder_time=0.001194118
All_time=0.905130583