Ratio=3.122077
Compute_time=0.053217950 MPI_Call_time=0.823770919 Recorder_time=0.000589390
All_time=0.904853422