Ratio=2.977026
Compute_time=0.110347047 MPI_Call_time=0.174064634 Recorder_time=0.010091160
