Ratio=3.021332
Compute_time=0.108183112 MPI_Call_time=0.180374262 Recorder_time=0.010492768
