Ratio=3.071671
Compute_time=0.110081061 MPI_Call_time=0.161105053 Recorder_time=0.012449807
