Ratio=3.103686
Compute_time=0.080562275 MPI_Call_time=0.173318165 Recorder_time=0.012021562
