Ratio=3.023076
Compute_time=0.114440683 MPI_Call_time=0.180054625 Recorder_time=0.011659649
