Ratio=3.103952
Compute_time=0.109889688 MPI_Call_time=0.173335276 Recorder_time=0.010366155
