Ratio=2.977761
Compute_time=0.110124897 MPI_Call_time=0.169214386 Recorder_time=0.013903843
