Ratio=3.024517
Compute_time=0.106542932 MPI_Call_time=0.170703724 Recorder_time=0.010211677
