Ratio=2.347812
Compute_time=88.713747275 MPI_Call_time=3.295232667 Recorder_time=0.025770253
All_time=92.037568524