Ratio=2.322292
Compute_time=79.789161313 MPI_Call_time=12.221882814 Recorder_time=0.023621564
All_time=92.037577387