Ratio=2.306824
Compute_time=78.641203655 MPI_Call_time=17.057944007 Recorder_time=0.026667500
All_time=95.732480765