Ratio=2.348158
Compute_time=88.717613435 MPI_Call_time=6.979018173 Recorder_time=0.028383099
All_time=95.731843562