Ratio=2.306621
Compute_time=78.497151968 MPI_Call_time=17.200115881 Recorder_time=0.027972108
All_time=95.732441662