Ratio=2.329817
Compute_time=92.425843460 MPI_Call_time=3.273953512 Recorder_time=0.025220462
All_time=95.732431539