Ratio=2.426814
Compute_time=77.796096085 MPI_Call_time=16.252158825 Recorder_time=0.030133982
All_time=94.083144639