Ratio=2.308773
Compute_time=80.385809186 MPI_Call_time=13.668980966 Recorder_time=0.023633703
All_time=94.082531975