Ratio=3.123828
Compute_time=0.053335209 MPI_Call_time=0.823222982 Recorder_time=0.000948645
All_time=0.906804242