Ratio=2.991222
Compute_time=0.061136069 MPI_Call_time=0.820466858 Recorder_time=0.000208746
All_time=0.906667011