Ratio=3.104159
Compute_time=0.029935610 MPI_Call_time=0.863703346 Recorder_time=0.000386313
All_time=0.905736488