Ratio=3.133377
Compute_time=0.053056053 MPI_Call_time=0.823858151 Recorder_time=0.000485071
All_time=0.904787810