Ratio=2.988033
Compute_time=0.052186886 MPI_Call_time=0.823273169 Recorder_time=0.000931255
All_time=0.904973802