Ratio=3.107083
Compute_time=0.030555802 MPI_Call_time=0.846292409 Recorder_time=0.000718146
All_time=0.905073401