Ratio=3.109875
Compute_time=0.053836427 MPI_Call_time=0.821767701 Recorder_time=0.000977773
All_time=0.905316239
